11
-5.62437 5.09782 7.95731 1 -5.02119 4.84238 7.20172 1
-1.45402 7.37428 -7.96933 1 -1.29911 8.03428 -7.23421 1
9.53093 13.8349 -1.1576 1 8.55 13.6544 -1.22964 1
-1.33673 21.2051 8.88232 1 -1.185 20.9228 7.93508 1
-7.88752 11.8491 -2.10721 1 -7.01083 11.703 -1.64888 1
9.88184 5.62561 -5.7122 1 9.7976 5.37017 -4.74905 1
17.892 4.91685 0.215446 1 17.1633 4.75525 -0.449972 1
14.6404 4.15705 10.0822 1 14.663 4.16577 9.08253 1
-2.45224 4.70442 15.3087 1 -1.50345 4.62074 15.0041 1
-11.9878 4.70157 12.5086 1 -11.0662 4.48343 12.1876 1
-4.36107 3.50255 7.30791 1 -3.86511 3.43976 6.44184 1
